-0.818590 892
-0.060466 893
-1 894
-0.959106 895
-0.097475 896
-0.889955 897
0.151354 898
1 899
0.494807 900
-1 901
-0.821465 902
-0.599210 903
1 904
-1 905
0.663639 906
1 907
-1 908
-0.724285 909
-0.410005 910
0.552569 911
-0.398593 912
-0.098678 913
1 914
-0.651954 915
1 916
-1 917
1 918
-0.729942 919
-0.577888 920
-0.720226 921
-0.848953 922
-1 923
1 924
-0.853831 925
-0.305622 926
-0.715013 927
-0.322022 928
-1 929
-0.948119 930
-0.821465 931
0.636733 932
-0.432880 933
-0.660443 934
0.853989 935
1 936
-0.948119 937
-0.393625 938
-0.738224 939
1 940
1 941
-1 942
-1 943
1 944
1 945
-1 946
-1 947
-1 948
-0.948119 949
-0.474739 950
1 951
-0.905439 952
-1 953
-0.910663 954
0.353221 955
1 956
0.859959 957
0.597219 958
-1 959
-0.358576 960
1 961
0.150359 962
-0.926526 963
-0.293189 964
-0.352970 965
1 966
-0.362035 967
-0.821465 968
1 969
-1 970
0.150359 971
-0.248398 972
-0.814058 973
-0.612383 974
-0.821465 975
-1 976
-0.684119 977
0.150999 978
-0.300994 979
0.321787 980
1 981
-0.045079 982
-0.821465 983
0.507306 984
-0.821465 985
-0.345453 986
-0.948119 987
0.530631 988
-0.970219 989
-0.299290 990
-0.992824 991
1 992
-0.702936 993
-0.738224 994
-0.953597 995
1 996
-0.964646 997
-0.852376 998
-1 999
-0.821465 1000
-1 1001
-1 1002
0.134989 1003
1 1004
0.148446 1005
1 1006
-0.764065 1007
-0.140729 1008
0.123049 1009
-0.370382 1010
0.224655 1011
1 1012
-1 1013
1 1014
-0.964646 1015
-0.738224 1016
-0.332209 1017
-0.931877 1018
0.510982 1019
-1 1020
-0.942673 1021
-0.987125 1022
0.107948 1023
-1 1024
-0.172298 1025
-1 1026
-1 1027
-0.745378 1028
-1 1029
-0.296971 1030
-1 1031
-1 1032
1 1033
-0.727342 1034
-1 1035
-0.582089 1036
-1 1037
-0.432880 1038
-1 1039
-0.432880 1040
-1 1041
1 1042
-0.652550 1043
-1 1044
-0.059145 1045
0.418716 1046
-0.942673 1047
1 1048
-0.296971 1049
-0.582089 1050
-0.054333 1051
0.134989 1052
1 1053
0.245347 1054
-0.821465 1055
-1 1056
1 1057
-0.401942 1058
-1 1059
1 1060
-0.297713 1061
-0.821465 1062
-0.747343 1063
-1 1064
-0.652550 1065
-1 1066
0.776910 1067
0.689927 1068
-0.394495 1069
1 1070
1 1071
-1 1072
-0.411325 1073
0.604796 1074
-0.738224 1075
1 1076
-1 1077
1 1078
-1 1079
-1 1080
-1 1081
-1 1082
-0.432880 1083
0.249039 1084
-1 1085
1 1086
-1 1087
1 1088
0.375597 1089
-1 1090
0.014917 1091
1 1092
-0.232483 1093
0.180755 1094
1 1095
-1 1096
-0.303034 1097
0.933300 1098
-1 1099
1 1100
-0.948119 1101
-0.987125 1102
-0.821465 1103
-1 1104
0.745861 1105
-1 1106
-0.582089 1107
0.134989 1108
-0.263437 1109
1 1110
-0.821465 1111
1 1112
-0.926526 1113
0.499962 1114
-1 1115
1 1116
1 1117
-0.377585 1118
0.134989 1119
-1 1120
-0.739271 1121
-1 1122
0.981689 1123
-1 1124
-0.738224 1125
0.165241 1126
-0.921207 1127
0.177390 1128
-0.720552 1129
0.652946 1130
1 1131
1 1132
0.829707 1133
-0.444894 1134
-0.821465 1135
-0.397567 1136
-0.666648 1137
0.858365 1138
-0.761342 1139
0.814223 1140
0.508322 1141
0.684504 1142
-0.921207 1143
-0.295794 1144
-0.942673 1145
-0.989971 1146
-0.821465 1147
-0.738224 1148
-0.964646 1149
0.690364 1150
-0.926526 1151
-1 1152
-0.440502 1153
1 1154
-0.438824 1155
-1 1156
-0.821465 1157
-0.432880 1158
-0.618890 1159
-0.322022 1160
-0.905439 1161
-0.396366 1162
-1 1163
1 1164
0.072735 1165
-0.652550 1166
0.042624 1167
-1 1168
-0.786649 1169
-1 1170
-1 1171
-1 1172
0.199148 1173
0.539430 1174
0.925367 1175
-0.996547 1176
-1 1177
-0.821465 1178
-0.581828 1179
-0.652550 1180
-1 1181
-0.432880 1182
0.755652 1183
-0.652550 1184
-0.684680 1185
-1 1186
-0.953597 1187
1 1188
-0.720226 1189
-0.533763 1190
-1 1191
-1 1192
-1 1193
-0.708105 1194
-0.942673 1195
-0.049301 1196
1 1197
-1 1198
0.867781 1199
-0.356538 1200
-0.685047 1201
-1 1202
-0.728049 1203
-0.821465 1204
0.981812 1205
1 1206
0.147759 1207
-0.406885 1208
-1 1209
-0.959106 1210
-1 1211
-1 1212
-0.739530 1213
-1 1214
-0.545417 1215
1 1216
-0.937259 1217
1 1218
-0.396366 1219
-0.691404 1220
-1 1221
0.147091 1222
-0.377845 1223
-0.140729 1224
1 1225
-1 1226
-0.533763 1227
-1 1228
-1 1229
-1 1230
-0.041398 1231
-1 1232
-0.987125 1233
-1 1234
1 1235
0.195531 1236
-0.302824 1237
-1 1238
0.539808 1239
-1 1240
0.683028 1241
1 1242
-1 1243
-1 1244
-0.937146 1245
0.155704 1246
-0.616837 1247
1 1248
-0.821465 1249
-0.738224 1250
-0.047851 1251
-1 1252
1 1253
0.853300 1254
-0.959106 1255
1 1256
-1 1257
-1 1258
-0.297713 1259
1 1260
-1 1261
-1 1262
1 1263
-0.612383 1264
-1 1265
1 1266
1 1267
-0.522885 1268
-1 1269
-0.639583 1270
0.393579 1271
-0.738224 1272
-0.881611 1273
-0.392569 1274
-0.044561 1275
-0.981785 1276
1 1277
-0.942673 1278
-1 1279
-1 1280
-0.914502 1281
-0.507677 1282
1 1283
0.443661 1284
-1 1285
-0.538094 1286
1 1287
-0.869822 1288
1 1289
-0.931877 1290
-0.911638 1291
1 1292
-1 1293
1 1294
-1 1295
0.548458 1296
-1 1297
-1 1298
-1 1299
0.134989 1300
-0.439240 1301
0.134989 1302
0.905814 1303
-0.293740 1304
-0.821465 1305
1 1306
-1 1307
-0.821465 1308
1 1309
